linear: 
  x: 0.0
  y: 0.0
  z: 0.0
angular: 
  x: 0.0
  y: 0.0
  z: 0.0
---
linear: 
  x: -12.502257511170662
  y: 0.0
  z: 0.0
angular: 
  x: 0.0
  y: 0.0
  z: -0.008726645257702371
---